     0.20039E-02    -0.16354E-02     0.00000E+00     0.16853E-03     0.00000E+00     0.29185E-05     0.15018E-02     0.00000E+00
     0.61156E-02    -0.12435E-02     0.00000E+00     0.43144E-03     0.00000E+00    -0.46111E-05     0.93115E-03     0.00000E+00
     0.10434E-01    -0.97575E-03     0.00000E+00     0.61761E-03     0.00000E+00    -0.16121E-04     0.51830E-03     0.00000E+00
     0.14956E-01    -0.78345E-03     0.00000E+00     0.75134E-03     0.00000E+00    -0.40719E-04     0.23393E-03     0.00000E+00
     0.19680E-01    -0.66196E-03     0.00000E+00     0.85298E-03     0.00000E+00    -0.74436E-04     0.47684E-04     0.00000E+00
     0.24604E-01    -0.59867E-03     0.00000E+00     0.93752E-03     0.00000E+00    -0.11288E-03    -0.63156E-04     0.00000E+00
     0.29725E-01    -0.58221E-03     0.00000E+00     0.10145E-02     0.00000E+00    -0.14969E-03    -0.12065E-03     0.00000E+00
     0.35041E-01    -0.59964E-03     0.00000E+00     0.10886E-02     0.00000E+00    -0.18001E-03    -0.14435E-03     0.00000E+00
     0.40551E-01    -0.63851E-03     0.00000E+00     0.11609E-02     0.00000E+00    -0.20150E-03    -0.14911E-03     0.00000E+00
     0.46252E-01    -0.68862E-03     0.00000E+00     0.12299E-02     0.00000E+00    -0.21424E-03    -0.14430E-03     0.00000E+00
     0.52141E-01    -0.74243E-03     0.00000E+00     0.12930E-02     0.00000E+00    -0.21936E-03    -0.13473E-03     0.00000E+00
     0.58216E-01    -0.79491E-03     0.00000E+00     0.13473E-02     0.00000E+00    -0.21802E-03    -0.12237E-03     0.00000E+00
     0.64476E-01    -0.84291E-03     0.00000E+00     0.13907E-02     0.00000E+00    -0.21074E-03    -0.10805E-03     0.00000E+00
     0.70917E-01    -0.88438E-03     0.00000E+00     0.14219E-02     0.00000E+00    -0.19709E-03    -0.92916E-04     0.00000E+00
     0.77539E-01    -0.91792E-03     0.00000E+00     0.14409E-02     0.00000E+00    -0.17616E-03    -0.79019E-04     0.00000E+00
     0.84338E-01    -0.94271E-03     0.00000E+00     0.14488E-02     0.00000E+00    -0.14800E-03    -0.68556E-04     0.00000E+00
     0.91312E-01    -0.95874E-03     0.00000E+00     0.14472E-02     0.00000E+00    -0.11468E-03    -0.62599E-04     0.00000E+00
     0.98459E-01    -0.96685E-03     0.00000E+00     0.14385E-02     0.00000E+00    -0.80122E-04    -0.60557E-04     0.00000E+00
     0.10578E+00    -0.96840E-03     0.00000E+00     0.14251E-02     0.00000E+00    -0.48389E-04    -0.60739E-04     0.00000E+00
     0.11326E+00    -0.96483E-03     0.00000E+00     0.14093E-02     0.00000E+00    -0.21919E-04    -0.61558E-04     0.00000E+00
     0.12092E+00    -0.95721E-03     0.00000E+00     0.13928E-02     0.00000E+00    -0.15546E-05    -0.62293E-04     0.00000E+00
     0.12873E+00    -0.94629E-03     0.00000E+00     0.13769E-02     0.00000E+00     0.12353E-04    -0.62980E-04     0.00000E+00
     0.13671E+00    -0.93286E-03     0.00000E+00     0.13622E-02     0.00000E+00     0.19148E-04    -0.63373E-04     0.00000E+00
     0.14485E+00    -0.91788E-03     0.00000E+00     0.13494E-02     0.00000E+00     0.18412E-04    -0.62459E-04     0.00000E+00
     0.15315E+00    -0.90227E-03     0.00000E+00     0.13391E-02     0.00000E+00     0.10713E-04    -0.59270E-04     0.00000E+00
     0.16160E+00    -0.88660E-03     0.00000E+00     0.13312E-02     0.00000E+00    -0.29781E-05    -0.53498E-04     0.00000E+00
     0.17021E+00    -0.87097E-03     0.00000E+00     0.13259E-02     0.00000E+00    -0.21413E-04    -0.45766E-04     0.00000E+00
     0.17896E+00    -0.85498E-03     0.00000E+00     0.13228E-02     0.00000E+00    -0.42122E-04    -0.37620E-04     0.00000E+00
     0.18787E+00    -0.83823E-03     0.00000E+00     0.13208E-02     0.00000E+00    -0.61831E-04    -0.30785E-04     0.00000E+00
     0.19692E+00    -0.82072E-03     0.00000E+00     0.13187E-02     0.00000E+00    -0.78777E-04    -0.25593E-04     0.00000E+00
     0.20611E+00    -0.80248E-03     0.00000E+00     0.13150E-02     0.00000E+00    -0.92230E-04    -0.21711E-04     0.00000E+00
     0.21545E+00    -0.78343E-03     0.00000E+00     0.13087E-02     0.00000E+00    -0.10025E-03    -0.19379E-04     0.00000E+00
     0.22493E+00    -0.76376E-03     0.00000E+00     0.12995E-02     0.00000E+00    -0.10164E-03    -0.18485E-04     0.00000E+00
     0.23454E+00    -0.74389E-03     0.00000E+00     0.12871E-02     0.00000E+00    -0.97553E-04    -0.18133E-04     0.00000E+00
     0.24429E+00    -0.72410E-03     0.00000E+00     0.12718E-02     0.00000E+00    -0.89693E-04    -0.17568E-04     0.00000E+00
     0.25418E+00    -0.70472E-03     0.00000E+00     0.12540E-02     0.00000E+00    -0.80683E-04    -0.15739E-04     0.00000E+00
     0.26419E+00    -0.68585E-03     0.00000E+00     0.12342E-02     0.00000E+00    -0.73191E-04    -0.12687E-04     0.00000E+00
     0.27434E+00    -0.66715E-03     0.00000E+00     0.12128E-02     0.00000E+00    -0.67698E-04    -0.10273E-04     0.00000E+00
     0.28460E+00    -0.64830E-03     0.00000E+00     0.11899E-02     0.00000E+00    -0.63194E-04    -0.97690E-05     0.00000E+00
     0.29500E+00    -0.62904E-03     0.00000E+00     0.11660E-02     0.00000E+00    -0.58373E-04    -0.11255E-04     0.00000E+00
     0.30551E+00    -0.60983E-03     0.00000E+00     0.11417E-02     0.00000E+00    -0.53811E-04    -0.12599E-04     0.00000E+00
     0.31615E+00    -0.59161E-03     0.00000E+00     0.11177E-02     0.00000E+00    -0.52344E-04    -0.10737E-04     0.00000E+00
     0.32690E+00    -0.57431E-03     0.00000E+00     0.10943E-02     0.00000E+00    -0.54571E-04    -0.62835E-05     0.00000E+00
     0.33777E+00    -0.55718E-03     0.00000E+00     0.10719E-02     0.00000E+00    -0.57275E-04    -0.26025E-05     0.00000E+00
     0.34875E+00    -0.53974E-03     0.00000E+00     0.10500E-02     0.00000E+00    -0.55159E-04    -0.23213E-05     0.00000E+00
     0.35985E+00    -0.52207E-03     0.00000E+00     0.10280E-02     0.00000E+00    -0.48137E-04    -0.41538E-05     0.00000E+00
     0.37105E+00    -0.50491E-03     0.00000E+00     0.10055E-02     0.00000E+00    -0.44483E-04    -0.37628E-05     0.00000E+00
     0.38236E+00    -0.48883E-03     0.00000E+00     0.98304E-03     0.00000E+00    -0.47558E-04    -0.11267E-06     0.00000E+00
     0.39377E+00    -0.47334E-03     0.00000E+00     0.96108E-03     0.00000E+00    -0.50643E-04     0.31223E-05     0.00000E+00
     0.40528E+00    -0.45775E-03     0.00000E+00     0.93935E-03     0.00000E+00    -0.48033E-04     0.36083E-05     0.00000E+00
     0.41690E+00    -0.44239E-03     0.00000E+00     0.91697E-03     0.00000E+00    -0.39594E-04     0.29874E-05     0.00000E+00
     0.42861E+00    -0.42763E-03     0.00000E+00     0.89339E-03     0.00000E+00    -0.26273E-04     0.22905E-05     0.00000E+00
     0.44042E+00    -0.41323E-03     0.00000E+00     0.86870E-03     0.00000E+00    -0.98281E-05     0.89549E-06     0.00000E+00
     0.45232E+00    -0.39874E-03     0.00000E+00     0.84315E-03     0.00000E+00     0.68658E-05    -0.14853E-05     0.00000E+00
     0.46431E+00    -0.38406E-03     0.00000E+00     0.81704E-03     0.00000E+00     0.21276E-04    -0.42080E-05     0.00000E+00
     0.47639E+00    -0.36953E-03     0.00000E+00     0.79065E-03     0.00000E+00     0.31476E-04    -0.60657E-05     0.00000E+00
     0.48855E+00    -0.35555E-03     0.00000E+00     0.76416E-03     0.00000E+00     0.36862E-04    -0.67557E-05     0.00000E+00
     0.50081E+00    -0.34262E-03     0.00000E+00     0.73786E-03     0.00000E+00     0.37548E-04    -0.58722E-05     0.00000E+00
     0.51314E+00    -0.33069E-03     0.00000E+00     0.71181E-03     0.00000E+00     0.34660E-04    -0.35143E-05     0.00000E+00
     0.52555E+00    -0.31945E-03     0.00000E+00     0.68563E-03     0.00000E+00     0.30383E-04    -0.61506E-06     0.00000E+00
     0.53804E+00    -0.30843E-03     0.00000E+00     0.65909E-03     0.00000E+00     0.27762E-04     0.12511E-05     0.00000E+00
     0.55061E+00    -0.29736E-03     0.00000E+00     0.63236E-03     0.00000E+00     0.29815E-04     0.16533E-05     0.00000E+00
     0.56325E+00    -0.28653E-03     0.00000E+00     0.60581E-03     0.00000E+00     0.36204E-04     0.17467E-05     0.00000E+00
     0.57596E+00    -0.27615E-03     0.00000E+00     0.57981E-03     0.00000E+00     0.43452E-04     0.23157E-05     0.00000E+00
     0.58874E+00    -0.26603E-03     0.00000E+00     0.55458E-03     0.00000E+00     0.48544E-04     0.32845E-05     0.00000E+00
     0.60158E+00    -0.25596E-03     0.00000E+00     0.53005E-03     0.00000E+00     0.50577E-04     0.45123E-05     0.00000E+00
     0.61449E+00    -0.24558E-03     0.00000E+00     0.50587E-03     0.00000E+00     0.51520E-04     0.51792E-05     0.00000E+00
     0.62747E+00    -0.23484E-03     0.00000E+00     0.48175E-03     0.00000E+00     0.55113E-04     0.44607E-05     0.00000E+00
     0.64050E+00    -0.22436E-03     0.00000E+00     0.45777E-03     0.00000E+00     0.62031E-04     0.33277E-05     0.00000E+00
     0.65359E+00    -0.21461E-03     0.00000E+00     0.43420E-03     0.00000E+00     0.69204E-04     0.29019E-05     0.00000E+00
     0.66673E+00    -0.20541E-03     0.00000E+00     0.41121E-03     0.00000E+00     0.74254E-04     0.28506E-05     0.00000E+00
     0.67993E+00    -0.19662E-03     0.00000E+00     0.38888E-03     0.00000E+00     0.76911E-04     0.26163E-05     0.00000E+00
     0.69318E+00    -0.18834E-03     0.00000E+00     0.36725E-03     0.00000E+00     0.77570E-04     0.23581E-05     0.00000E+00
     0.70648E+00    -0.18084E-03     0.00000E+00     0.34611E-03     0.00000E+00     0.76345E-04     0.26227E-05     0.00000E+00
     0.71982E+00    -0.17402E-03     0.00000E+00     0.32506E-03     0.00000E+00     0.74044E-04     0.32307E-05     0.00000E+00
     0.73321E+00    -0.16762E-03     0.00000E+00     0.30365E-03     0.00000E+00     0.72388E-04     0.38829E-05     0.00000E+00
     0.74665E+00    -0.16157E-03     0.00000E+00     0.28169E-03     0.00000E+00     0.71701E-04     0.45930E-05     0.00000E+00
     0.76012E+00    -0.15587E-03     0.00000E+00     0.25933E-03     0.00000E+00     0.71338E-04     0.52066E-05     0.00000E+00
     0.77363E+00    -0.15059E-03     0.00000E+00     0.23689E-03     0.00000E+00     0.71339E-04     0.58049E-05     0.00000E+00
     0.78717E+00    -0.14579E-03     0.00000E+00     0.21453E-03     0.00000E+00     0.72552E-04     0.65461E-05     0.00000E+00
     0.80075E+00    -0.14145E-03     0.00000E+00     0.19238E-03     0.00000E+00     0.75469E-04     0.74597E-05     0.00000E+00
     0.81436E+00    -0.13749E-03     0.00000E+00     0.17065E-03     0.00000E+00     0.79008E-04     0.82483E-05     0.00000E+00
     0.82800E+00    -0.13381E-03     0.00000E+00     0.14964E-03     0.00000E+00     0.82040E-04     0.84856E-05     0.00000E+00
     0.84166E+00    -0.13047E-03     0.00000E+00     0.12946E-03     0.00000E+00     0.84269E-04     0.80729E-05     0.00000E+00
     0.85535E+00    -0.12763E-03     0.00000E+00     0.11016E-03     0.00000E+00     0.85548E-04     0.72432E-05     0.00000E+00
     0.86906E+00    -0.12531E-03     0.00000E+00     0.91741E-04     0.00000E+00     0.86199E-04     0.63580E-05     0.00000E+00
     0.88279E+00    -0.12350E-03     0.00000E+00     0.74271E-04     0.00000E+00     0.87101E-04     0.57650E-05     0.00000E+00
     0.89654E+00    -0.12227E-03     0.00000E+00     0.57792E-04     0.00000E+00     0.88551E-04     0.56785E-05     0.00000E+00
     0.91031E+00    -0.12164E-03     0.00000E+00     0.42262E-04     0.00000E+00     0.90331E-04     0.59275E-05     0.00000E+00
     0.92408E+00    -0.12157E-03     0.00000E+00     0.27530E-04     0.00000E+00     0.92262E-04     0.62983E-05     0.00000E+00
     0.93787E+00    -0.12190E-03     0.00000E+00     0.13369E-04     0.00000E+00     0.94025E-04     0.65595E-05     0.00000E+00
     0.95167E+00    -0.12250E-03     0.00000E+00    -0.39210E-06     0.00000E+00     0.95355E-04     0.64296E-05     0.00000E+00
     0.96547E+00    -0.12337E-03     0.00000E+00    -0.13777E-04     0.00000E+00     0.96321E-04     0.57642E-05     0.00000E+00
     0.97928E+00    -0.12448E-03     0.00000E+00    -0.26743E-04     0.00000E+00     0.96847E-04     0.43715E-05     0.00000E+00
     0.99309E+00    -0.12595E-03     0.00000E+00    -0.39396E-04     0.00000E+00     0.95767E-04     0.27023E-05     0.00000E+00
     0.10069E+01    -0.12805E-03     0.00000E+00    -0.51978E-04     0.00000E+00     0.92477E-04     0.17113E-05     0.00000E+00
     0.10207E+01    -0.13104E-03     0.00000E+00    -0.64635E-04     0.00000E+00     0.88114E-04     0.19526E-05     0.00000E+00
     0.10345E+01    -0.13473E-03     0.00000E+00    -0.77274E-04     0.00000E+00     0.84169E-04     0.29141E-05     0.00000E+00
     0.10483E+01    -0.13880E-03     0.00000E+00    -0.89583E-04     0.00000E+00     0.81558E-04     0.38904E-05     0.00000E+00
     0.10621E+01    -0.14311E-03     0.00000E+00    -0.10120E-03     0.00000E+00     0.80344E-04     0.46356E-05     0.00000E+00
     0.10759E+01    -0.14764E-03     0.00000E+00    -0.11192E-03     0.00000E+00     0.79889E-04     0.49435E-05     0.00000E+00
     0.10897E+01    -0.15239E-03     0.00000E+00    -0.12166E-03     0.00000E+00     0.78933E-04     0.48520E-05     0.00000E+00
     0.11035E+01    -0.15758E-03     0.00000E+00    -0.13042E-03     0.00000E+00     0.77033E-04     0.50092E-05     0.00000E+00
     0.11172E+01    -0.16336E-03     0.00000E+00    -0.13811E-03     0.00000E+00     0.75681E-04     0.55163E-05     0.00000E+00
     0.11309E+01    -0.16963E-03     0.00000E+00    -0.14451E-03     0.00000E+00     0.76058E-04     0.58350E-05     0.00000E+00
     0.11447E+01    -0.17618E-03     0.00000E+00    -0.14940E-03     0.00000E+00     0.76852E-04     0.55373E-05     0.00000E+00
     0.11583E+01    -0.18296E-03     0.00000E+00    -0.15262E-03     0.00000E+00     0.75540E-04     0.45608E-05     0.00000E+00
     0.11720E+01    -0.19009E-03     0.00000E+00    -0.15442E-03     0.00000E+00     0.70764E-04     0.33491E-05     0.00000E+00
     0.11856E+01    -0.19771E-03     0.00000E+00    -0.15545E-03     0.00000E+00     0.62865E-04     0.27639E-05     0.00000E+00
     0.11993E+01    -0.20582E-03     0.00000E+00    -0.15625E-03     0.00000E+00     0.54387E-04     0.30963E-05     0.00000E+00
     0.12128E+01    -0.21422E-03     0.00000E+00    -0.15693E-03     0.00000E+00     0.47579E-04     0.36508E-05     0.00000E+00
     0.12264E+01    -0.22294E-03     0.00000E+00    -0.15727E-03     0.00000E+00     0.41721E-04     0.43027E-05     0.00000E+00
     0.12399E+01    -0.23202E-03     0.00000E+00    -0.15710E-03     0.00000E+00     0.36085E-04     0.46643E-05     0.00000E+00
     0.12534E+01    -0.24153E-03     0.00000E+00    -0.15658E-03     0.00000E+00     0.31732E-04     0.44680E-05     0.00000E+00
     0.12668E+01    -0.25134E-03     0.00000E+00    -0.15609E-03     0.00000E+00     0.30778E-04     0.38440E-05     0.00000E+00
     0.12802E+01    -0.26126E-03     0.00000E+00    -0.15577E-03     0.00000E+00     0.33957E-04     0.29647E-05     0.00000E+00
     0.12935E+01    -0.27149E-03     0.00000E+00    -0.15533E-03     0.00000E+00     0.39066E-04     0.24196E-05     0.00000E+00
     0.13068E+01    -0.28210E-03     0.00000E+00    -0.15435E-03     0.00000E+00     0.44576E-04     0.20972E-05     0.00000E+00
     0.13201E+01    -0.29273E-03     0.00000E+00    -0.15235E-03     0.00000E+00     0.48233E-04     0.77583E-06     0.00000E+00
     0.13333E+01    -0.30377E-03     0.00000E+00    -0.14871E-03     0.00000E+00     0.45764E-04    -0.75950E-06     0.00000E+00
     0.13464E+01    -0.31581E-03     0.00000E+00    -0.14314E-03     0.00000E+00     0.38399E-04    -0.11047E-05     0.00000E+00
     0.13595E+01    -0.32850E-03     0.00000E+00    -0.13585E-03     0.00000E+00     0.31121E-04    -0.14536E-05     0.00000E+00
     0.13725E+01    -0.34175E-03     0.00000E+00    -0.12757E-03     0.00000E+00     0.25528E-04    -0.20578E-05     0.00000E+00
     0.13855E+01    -0.35581E-03     0.00000E+00    -0.11886E-03     0.00000E+00     0.20524E-04    -0.19372E-05     0.00000E+00
     0.13984E+01    -0.37048E-03     0.00000E+00    -0.10968E-03     0.00000E+00     0.15261E-04    -0.13732E-05     0.00000E+00
     0.14113E+01    -0.38555E-03     0.00000E+00    -0.99522E-04     0.00000E+00     0.11602E-04    -0.12915E-05     0.00000E+00
     0.14240E+01    -0.40042E-03     0.00000E+00    -0.88167E-04     0.00000E+00     0.68563E-05    -0.28859E-05     0.00000E+00
     0.14368E+01    -0.41539E-03     0.00000E+00    -0.76266E-04     0.00000E+00    -0.99444E-06    -0.36251E-05     0.00000E+00
     0.14494E+01    -0.43096E-03     0.00000E+00    -0.64331E-04     0.00000E+00    -0.43930E-05    -0.25433E-05     0.00000E+00
     0.14620E+01    -0.44726E-03     0.00000E+00    -0.51759E-04     0.00000E+00    -0.26398E-05    -0.13996E-05     0.00000E+00
     0.14744E+01    -0.46447E-03     0.00000E+00    -0.37778E-04     0.00000E+00    -0.54286E-06    -0.22542E-06     0.00000E+00
     0.14869E+01    -0.48265E-03     0.00000E+00    -0.22275E-04     0.00000E+00     0.38737E-05     0.51011E-06     0.00000E+00
     0.14992E+01    -0.50098E-03     0.00000E+00    -0.57724E-05     0.00000E+00     0.91929E-05    -0.10644E-05     0.00000E+00
     0.15114E+01    -0.51981E-03     0.00000E+00     0.11191E-04     0.00000E+00     0.80766E-05    -0.19320E-05     0.00000E+00
     0.15236E+01    -0.54016E-03     0.00000E+00     0.29014E-04     0.00000E+00     0.46227E-05     0.19821E-05     0.00000E+00
     0.15357E+01    -0.56055E-03     0.00000E+00     0.49030E-04     0.00000E+00     0.27564E-05     0.57490E-05     0.00000E+00
     0.15477E+01    -0.58012E-03     0.00000E+00     0.71477E-04     0.00000E+00    -0.32869E-05     0.70261E-05     0.00000E+00
     0.15596E+01    -0.59907E-03     0.00000E+00     0.95511E-04     0.00000E+00    -0.96979E-05     0.63661E-05     0.00000E+00
     0.15714E+01    -0.61733E-03     0.00000E+00     0.12079E-03     0.00000E+00    -0.13794E-04     0.23640E-05     0.00000E+00
     0.15831E+01    -0.63561E-03     0.00000E+00     0.14693E-03     0.00000E+00    -0.19185E-04    -0.29031E-05     0.00000E+00
     0.15947E+01    -0.65474E-03     0.00000E+00     0.17351E-03     0.00000E+00    -0.25306E-04    -0.70148E-05     0.00000E+00
     0.16062E+01    -0.67540E-03     0.00000E+00     0.19945E-03     0.00000E+00    -0.31173E-04    -0.77778E-05     0.00000E+00
     0.16176E+01    -0.69807E-03     0.00000E+00     0.22507E-03     0.00000E+00    -0.35381E-04    -0.57343E-05     0.00000E+00
     0.16290E+01    -0.72212E-03     0.00000E+00     0.25119E-03     0.00000E+00    -0.39684E-04    -0.33623E-05     0.00000E+00
     0.16402E+01    -0.74725E-03     0.00000E+00     0.27897E-03     0.00000E+00    -0.46177E-04    -0.42401E-06     0.00000E+00
     0.16512E+01    -0.77289E-03     0.00000E+00     0.30955E-03     0.00000E+00    -0.50948E-04     0.18310E-05     0.00000E+00
     0.16622E+01    -0.79863E-03     0.00000E+00     0.34288E-03     0.00000E+00    -0.51166E-04     0.23459E-05     0.00000E+00
     0.16731E+01    -0.82388E-03     0.00000E+00     0.37813E-03     0.00000E+00    -0.46816E-04    -0.39227E-06     0.00000E+00
     0.16839E+01    -0.84831E-03     0.00000E+00     0.41516E-03     0.00000E+00    -0.40592E-04    -0.69126E-05     0.00000E+00
     0.16945E+01    -0.87335E-03     0.00000E+00     0.45436E-03     0.00000E+00    -0.37554E-04    -0.12965E-04     0.00000E+00
     0.17050E+01    -0.90023E-03     0.00000E+00     0.49560E-03     0.00000E+00    -0.40835E-04    -0.15779E-04     0.00000E+00
     0.17154E+01    -0.92890E-03     0.00000E+00     0.53875E-03     0.00000E+00    -0.50573E-04    -0.17262E-04     0.00000E+00
     0.17257E+01    -0.95876E-03     0.00000E+00     0.58387E-03     0.00000E+00    -0.67284E-04    -0.19737E-04     0.00000E+00
     0.17358E+01    -0.99088E-03     0.00000E+00     0.63091E-03     0.00000E+00    -0.92050E-04    -0.20148E-04     0.00000E+00
     0.17458E+01    -0.10262E-02     0.00000E+00     0.67918E-03     0.00000E+00    -0.12101E-03    -0.16068E-04     0.00000E+00
     0.17557E+01    -0.10635E-02     0.00000E+00     0.72788E-03     0.00000E+00    -0.14677E-03    -0.83522E-05     0.00000E+00
     0.17655E+01    -0.11012E-02     0.00000E+00     0.77668E-03     0.00000E+00    -0.15991E-03    -0.11321E-05     0.00000E+00
     0.17751E+01    -0.11384E-02     0.00000E+00     0.82554E-03     0.00000E+00    -0.15679E-03     0.10632E-05     0.00000E+00
     0.17845E+01    -0.11744E-02     0.00000E+00     0.87417E-03     0.00000E+00    -0.14568E-03    -0.19086E-05     0.00000E+00
     0.17939E+01    -0.12092E-02     0.00000E+00     0.92163E-03     0.00000E+00    -0.13024E-03    -0.79757E-05     0.00000E+00
     0.18031E+01    -0.12436E-02     0.00000E+00     0.96742E-03     0.00000E+00    -0.10900E-03    -0.16700E-04     0.00000E+00
     0.18121E+01    -0.12798E-02     0.00000E+00     0.10123E-02     0.00000E+00    -0.87802E-04    -0.24340E-04     0.00000E+00
     0.18210E+01    -0.13196E-02     0.00000E+00     0.10569E-02     0.00000E+00    -0.70538E-04    -0.25959E-04     0.00000E+00
     0.18298E+01    -0.13613E-02     0.00000E+00     0.11024E-02     0.00000E+00    -0.55019E-04    -0.24863E-04     0.00000E+00
     0.18384E+01    -0.14031E-02     0.00000E+00     0.11501E-02     0.00000E+00    -0.39062E-04    -0.26415E-04     0.00000E+00
     0.18468E+01    -0.14450E-02     0.00000E+00     0.12002E-02     0.00000E+00    -0.24592E-04    -0.30222E-04     0.00000E+00
     0.18551E+01    -0.14866E-02     0.00000E+00     0.12532E-02     0.00000E+00    -0.94969E-05    -0.36838E-04     0.00000E+00
     0.18633E+01    -0.15272E-02     0.00000E+00     0.13098E-02     0.00000E+00     0.78916E-05    -0.47515E-04     0.00000E+00
     0.18713E+01    -0.15674E-02     0.00000E+00     0.13694E-02     0.00000E+00     0.21630E-04    -0.60069E-04     0.00000E+00
     0.18791E+01    -0.16056E-02     0.00000E+00     0.14313E-02     0.00000E+00     0.30589E-04    -0.76120E-04     0.00000E+00
     0.18867E+01    -0.16416E-02     0.00000E+00     0.14959E-02     0.00000E+00     0.35766E-04    -0.93531E-04     0.00000E+00
     0.18942E+01    -0.16748E-02     0.00000E+00     0.15635E-02     0.00000E+00     0.36716E-04    -0.11026E-03     0.00000E+00
     0.19015E+01    -0.17038E-02     0.00000E+00     0.16341E-02     0.00000E+00     0.34869E-04    -0.12833E-03     0.00000E+00
     0.19087E+01    -0.17281E-02     0.00000E+00     0.17087E-02     0.00000E+00     0.30861E-04    -0.14793E-03     0.00000E+00
     0.19157E+01    -0.17479E-02     0.00000E+00     0.17881E-02     0.00000E+00     0.20902E-04    -0.16580E-03     0.00000E+00
     0.19225E+01    -0.17622E-02     0.00000E+00     0.18724E-02     0.00000E+00    -0.16182E-05    -0.17820E-03     0.00000E+00
     0.19291E+01    -0.17678E-02     0.00000E+00     0.19590E-02     0.00000E+00    -0.40498E-04    -0.18484E-03     0.00000E+00
     0.19355E+01    -0.17595E-02     0.00000E+00     0.20415E-02     0.00000E+00    -0.91889E-04    -0.18935E-03     0.00000E+00
     0.19418E+01    -0.17328E-02     0.00000E+00     0.21109E-02     0.00000E+00    -0.14643E-03    -0.19467E-03     0.00000E+00
     0.19479E+01    -0.16846E-02     0.00000E+00     0.21576E-02     0.00000E+00    -0.19599E-03    -0.20134E-03     0.00000E+00
     0.19537E+01    -0.16143E-02     0.00000E+00     0.21735E-02     0.00000E+00    -0.23728E-03    -0.20769E-03     0.00000E+00
     0.19594E+01    -0.15229E-02     0.00000E+00     0.21539E-02     0.00000E+00    -0.26793E-03    -0.21408E-03     0.00000E+00
     0.19650E+01    -0.14156E-02     0.00000E+00     0.20980E-02     0.00000E+00    -0.28224E-03    -0.22269E-03     0.00000E+00
     0.19703E+01    -0.13052E-02     0.00000E+00     0.20086E-02     0.00000E+00    -0.27253E-03    -0.23022E-03     0.00000E+00
     0.19754E+01    -0.12194E-02     0.00000E+00     0.18900E-02     0.00000E+00    -0.23580E-03    -0.21546E-03     0.00000E+00
     0.19803E+01    -0.12021E-02     0.00000E+00     0.17443E-02     0.00000E+00    -0.17835E-03    -0.12997E-03     0.00000E+00
     0.19850E+01    -0.13129E-02     0.00000E+00     0.15646E-02     0.00000E+00    -0.11291E-03     0.10008E-03     0.00000E+00
     0.19896E+01    -0.16143E-02     0.00000E+00     0.13246E-02     0.00000E+00    -0.51902E-04     0.56504E-03     0.00000E+00
     0.19939E+01    -0.21567E-02     0.00000E+00     0.96775E-03     0.00000E+00    -0.16605E-04     0.14154E-02     0.00000E+00
     0.19980E+01    -0.30621E-02     0.00000E+00     0.40083E-03     0.00000E+00     0.88064E-05     0.25042E-02     0.00000E+00
