     0.23093E-02    -0.33138E-02     0.00000E+00     0.00000E+00     0.00000E+00     0.97015E-05     0.29332E-02     0.00000E+00
     0.70633E-02    -0.22612E-02     0.00000E+00     0.00000E+00     0.00000E+00    -0.17283E-04     0.14391E-02     0.00000E+00
     0.12087E-01    -0.16255E-02     0.00000E+00     0.00000E+00     0.00000E+00    -0.55009E-04     0.50696E-03     0.00000E+00
     0.17376E-01    -0.12645E-02     0.00000E+00     0.00000E+00     0.00000E+00    -0.12143E-03     0.52428E-05     0.00000E+00
     0.22928E-01    -0.11265E-02     0.00000E+00     0.00000E+00     0.00000E+00    -0.19093E-03    -0.22298E-03     0.00000E+00
     0.28739E-01    -0.11381E-02     0.00000E+00     0.00000E+00     0.00000E+00    -0.24609E-03    -0.29224E-03     0.00000E+00
     0.34807E-01    -0.12288E-02     0.00000E+00     0.00000E+00     0.00000E+00    -0.27516E-03    -0.28919E-03     0.00000E+00
     0.41127E-01    -0.13472E-02     0.00000E+00     0.00000E+00     0.00000E+00    -0.27725E-03    -0.26486E-03     0.00000E+00
     0.47696E-01    -0.14607E-02     0.00000E+00     0.00000E+00     0.00000E+00    -0.25707E-03    -0.24141E-03     0.00000E+00
     0.54512E-01    -0.15531E-02     0.00000E+00     0.00000E+00     0.00000E+00    -0.22132E-03    -0.22454E-03     0.00000E+00
     0.61570E-01    -0.16190E-02     0.00000E+00     0.00000E+00     0.00000E+00    -0.17648E-03    -0.21295E-03     0.00000E+00
     0.68868E-01    -0.16591E-02     0.00000E+00     0.00000E+00     0.00000E+00    -0.12886E-03    -0.20292E-03     0.00000E+00
     0.76401E-01    -0.16778E-02     0.00000E+00     0.00000E+00     0.00000E+00    -0.84377E-04    -0.19025E-03     0.00000E+00
     0.84168E-01    -0.16796E-02     0.00000E+00     0.00000E+00     0.00000E+00    -0.47242E-04    -0.17326E-03     0.00000E+00
     0.92164E-01    -0.16684E-02     0.00000E+00     0.00000E+00     0.00000E+00    -0.19468E-04    -0.15306E-03     0.00000E+00
     0.10039E+00    -0.16471E-02     0.00000E+00     0.00000E+00     0.00000E+00    -0.15347E-05    -0.13176E-03     0.00000E+00
     0.10883E+00    -0.16183E-02     0.00000E+00     0.00000E+00     0.00000E+00     0.68008E-05    -0.11112E-03     0.00000E+00
     0.11749E+00    -0.15842E-02     0.00000E+00     0.00000E+00     0.00000E+00     0.66713E-05    -0.92050E-04     0.00000E+00
     0.12637E+00    -0.15460E-02     0.00000E+00     0.00000E+00     0.00000E+00     0.17289E-05    -0.76351E-04     0.00000E+00
     0.13547E+00    -0.15041E-02     0.00000E+00     0.00000E+00     0.00000E+00    -0.42210E-05    -0.66818E-04     0.00000E+00
     0.14477E+00    -0.14594E-02     0.00000E+00     0.00000E+00     0.00000E+00    -0.10319E-04    -0.63761E-04     0.00000E+00
     0.15428E+00    -0.14136E-02     0.00000E+00     0.00000E+00     0.00000E+00    -0.18661E-04    -0.62896E-04     0.00000E+00
     0.16399E+00    -0.13696E-02     0.00000E+00     0.00000E+00     0.00000E+00    -0.32498E-04    -0.57298E-04     0.00000E+00
     0.17390E+00    -0.13277E-02     0.00000E+00     0.00000E+00     0.00000E+00    -0.50499E-04    -0.46312E-04     0.00000E+00
     0.18401E+00    -0.12861E-02     0.00000E+00     0.00000E+00     0.00000E+00    -0.67479E-04    -0.36350E-04     0.00000E+00
     0.19431E+00    -0.12442E-02     0.00000E+00     0.00000E+00     0.00000E+00    -0.81287E-04    -0.30253E-04     0.00000E+00
     0.20480E+00    -0.12025E-02     0.00000E+00     0.00000E+00     0.00000E+00    -0.91527E-04    -0.26926E-04     0.00000E+00
     0.21547E+00    -0.11616E-02     0.00000E+00     0.00000E+00     0.00000E+00    -0.97952E-04    -0.24148E-04     0.00000E+00
     0.22633E+00    -0.11218E-02     0.00000E+00     0.00000E+00     0.00000E+00    -0.10013E-03    -0.21123E-04     0.00000E+00
     0.23737E+00    -0.10832E-02     0.00000E+00     0.00000E+00     0.00000E+00    -0.97838E-04    -0.17971E-04     0.00000E+00
     0.24859E+00    -0.10460E-02     0.00000E+00     0.00000E+00     0.00000E+00    -0.91567E-04    -0.14742E-04     0.00000E+00
     0.25997E+00    -0.10100E-02     0.00000E+00     0.00000E+00     0.00000E+00    -0.84348E-04    -0.11073E-04     0.00000E+00
     0.27153E+00    -0.97476E-03     0.00000E+00     0.00000E+00     0.00000E+00    -0.80982E-04    -0.70454E-05     0.00000E+00
     0.28325E+00    -0.93964E-03     0.00000E+00     0.00000E+00     0.00000E+00    -0.80382E-04    -0.51687E-05     0.00000E+00
     0.29514E+00    -0.90503E-03     0.00000E+00     0.00000E+00     0.00000E+00    -0.79289E-04    -0.56944E-05     0.00000E+00
     0.30719E+00    -0.87151E-03     0.00000E+00     0.00000E+00     0.00000E+00    -0.76306E-04    -0.61791E-05     0.00000E+00
     0.31939E+00    -0.83915E-03     0.00000E+00     0.00000E+00     0.00000E+00    -0.70676E-04    -0.49760E-05     0.00000E+00
     0.33174E+00    -0.80784E-03     0.00000E+00     0.00000E+00     0.00000E+00    -0.63893E-04    -0.25203E-05     0.00000E+00
     0.34425E+00    -0.77738E-03     0.00000E+00     0.00000E+00     0.00000E+00    -0.56987E-04    -0.75196E-06     0.00000E+00
     0.35690E+00    -0.74735E-03     0.00000E+00     0.00000E+00     0.00000E+00    -0.49106E-04    -0.73571E-06     0.00000E+00
     0.36969E+00    -0.71788E-03     0.00000E+00     0.00000E+00     0.00000E+00    -0.40363E-04    -0.18574E-05     0.00000E+00
     0.38262E+00    -0.68952E-03     0.00000E+00     0.00000E+00     0.00000E+00    -0.31004E-04    -0.31940E-05     0.00000E+00
     0.39569E+00    -0.66245E-03     0.00000E+00     0.00000E+00     0.00000E+00    -0.21743E-04    -0.38972E-05     0.00000E+00
     0.40890E+00    -0.63655E-03     0.00000E+00     0.00000E+00     0.00000E+00    -0.15127E-04    -0.31870E-05     0.00000E+00
     0.42223E+00    -0.61166E-03     0.00000E+00     0.00000E+00     0.00000E+00    -0.10799E-04    -0.20282E-05     0.00000E+00
     0.43569E+00    -0.58746E-03     0.00000E+00     0.00000E+00     0.00000E+00    -0.61076E-05    -0.14359E-05     0.00000E+00
     0.44927E+00    -0.56367E-03     0.00000E+00     0.00000E+00     0.00000E+00    -0.58221E-06    -0.14398E-05     0.00000E+00
     0.46297E+00    -0.54025E-03     0.00000E+00     0.00000E+00     0.00000E+00     0.60495E-05    -0.19527E-05     0.00000E+00
     0.47679E+00    -0.51767E-03     0.00000E+00     0.00000E+00     0.00000E+00     0.12689E-04    -0.18917E-05     0.00000E+00
     0.49072E+00    -0.49632E-03     0.00000E+00     0.00000E+00     0.00000E+00     0.17520E-04    -0.34547E-06     0.00000E+00
     0.50476E+00    -0.47590E-03     0.00000E+00     0.00000E+00     0.00000E+00     0.21776E-04     0.15867E-05     0.00000E+00
     0.51891E+00    -0.45636E-03     0.00000E+00     0.00000E+00     0.00000E+00     0.25231E-04     0.37575E-05     0.00000E+00
     0.53316E+00    -0.43732E-03     0.00000E+00     0.00000E+00     0.00000E+00     0.27105E-04     0.47444E-05     0.00000E+00
     0.54751E+00    -0.41849E-03     0.00000E+00     0.00000E+00     0.00000E+00     0.29743E-04     0.36126E-05     0.00000E+00
     0.56196E+00    -0.40015E-03     0.00000E+00     0.00000E+00     0.00000E+00     0.33385E-04     0.22531E-05     0.00000E+00
     0.57649E+00    -0.38268E-03     0.00000E+00     0.00000E+00     0.00000E+00     0.35926E-04     0.20824E-05     0.00000E+00
     0.59112E+00    -0.36604E-03     0.00000E+00     0.00000E+00     0.00000E+00     0.37521E-04     0.25193E-05     0.00000E+00
     0.60584E+00    -0.35013E-03     0.00000E+00     0.00000E+00     0.00000E+00     0.39493E-04     0.30460E-05     0.00000E+00
     0.62064E+00    -0.33482E-03     0.00000E+00     0.00000E+00     0.00000E+00     0.42057E-04     0.31875E-05     0.00000E+00
     0.63552E+00    -0.31990E-03     0.00000E+00     0.00000E+00     0.00000E+00     0.45458E-04     0.26133E-05     0.00000E+00
     0.65047E+00    -0.30549E-03     0.00000E+00     0.00000E+00     0.00000E+00     0.50161E-04     0.16252E-05     0.00000E+00
     0.66550E+00    -0.29191E-03     0.00000E+00     0.00000E+00     0.00000E+00     0.55122E-04     0.12358E-05     0.00000E+00
     0.68060E+00    -0.27916E-03     0.00000E+00     0.00000E+00     0.00000E+00     0.57815E-04     0.23098E-05     0.00000E+00
     0.69576E+00    -0.26696E-03     0.00000E+00     0.00000E+00     0.00000E+00     0.58155E-04     0.38502E-05     0.00000E+00
     0.71099E+00    -0.25523E-03     0.00000E+00     0.00000E+00     0.00000E+00     0.58878E-04     0.45311E-05     0.00000E+00
     0.72628E+00    -0.24398E-03     0.00000E+00     0.00000E+00     0.00000E+00     0.61307E-04     0.43384E-05     0.00000E+00
     0.74162E+00    -0.23328E-03     0.00000E+00     0.00000E+00     0.00000E+00     0.64511E-04     0.39399E-05     0.00000E+00
     0.75702E+00    -0.22324E-03     0.00000E+00     0.00000E+00     0.00000E+00     0.66571E-04     0.39793E-05     0.00000E+00
     0.77247E+00    -0.21385E-03     0.00000E+00     0.00000E+00     0.00000E+00     0.66986E-04     0.44852E-05     0.00000E+00
     0.78796E+00    -0.20502E-03     0.00000E+00     0.00000E+00     0.00000E+00     0.67287E-04     0.47964E-05     0.00000E+00
     0.80350E+00    -0.19675E-03     0.00000E+00     0.00000E+00     0.00000E+00     0.68478E-04     0.46814E-05     0.00000E+00
     0.81907E+00    -0.18917E-03     0.00000E+00     0.00000E+00     0.00000E+00     0.70252E-04     0.45049E-05     0.00000E+00
     0.83469E+00    -0.18232E-03     0.00000E+00     0.00000E+00     0.00000E+00     0.72149E-04     0.45837E-05     0.00000E+00
     0.85033E+00    -0.17615E-03     0.00000E+00     0.00000E+00     0.00000E+00     0.73944E-04     0.48794E-05     0.00000E+00
     0.86601E+00    -0.17060E-03     0.00000E+00     0.00000E+00     0.00000E+00     0.75802E-04     0.50953E-05     0.00000E+00
     0.88171E+00    -0.16576E-03     0.00000E+00     0.00000E+00     0.00000E+00     0.77537E-04     0.55134E-05     0.00000E+00
     0.89744E+00    -0.16163E-03     0.00000E+00     0.00000E+00     0.00000E+00     0.78756E-04     0.62076E-05     0.00000E+00
     0.91319E+00    -0.15806E-03     0.00000E+00     0.00000E+00     0.00000E+00     0.79560E-04     0.67678E-05     0.00000E+00
     0.92895E+00    -0.15506E-03     0.00000E+00     0.00000E+00     0.00000E+00     0.79891E-04     0.70729E-05     0.00000E+00
     0.94473E+00    -0.15265E-03     0.00000E+00     0.00000E+00     0.00000E+00     0.79653E-04     0.73222E-05     0.00000E+00
     0.96051E+00    -0.15084E-03     0.00000E+00     0.00000E+00     0.00000E+00     0.79280E-04     0.75774E-05     0.00000E+00
     0.97631E+00    -0.14959E-03     0.00000E+00     0.00000E+00     0.00000E+00     0.79379E-04     0.75281E-05     0.00000E+00
     0.99210E+00    -0.14896E-03     0.00000E+00     0.00000E+00     0.00000E+00     0.79646E-04     0.72943E-05     0.00000E+00
     0.10079E+01    -0.14897E-03     0.00000E+00     0.00000E+00     0.00000E+00     0.79455E-04     0.71811E-05     0.00000E+00
     0.10237E+01    -0.14958E-03     0.00000E+00     0.00000E+00     0.00000E+00     0.78948E-04     0.69972E-05     0.00000E+00
     0.10395E+01    -0.15080E-03     0.00000E+00     0.00000E+00     0.00000E+00     0.78488E-04     0.66518E-05     0.00000E+00
     0.10553E+01    -0.15278E-03     0.00000E+00     0.00000E+00     0.00000E+00     0.78521E-04     0.65647E-05     0.00000E+00
     0.10711E+01    -0.15546E-03     0.00000E+00     0.00000E+00     0.00000E+00     0.78862E-04     0.66535E-05     0.00000E+00
     0.10868E+01    -0.15868E-03     0.00000E+00     0.00000E+00     0.00000E+00     0.78658E-04     0.66201E-05     0.00000E+00
     0.11026E+01    -0.16239E-03     0.00000E+00     0.00000E+00     0.00000E+00     0.77893E-04     0.62140E-05     0.00000E+00
     0.11183E+01    -0.16649E-03     0.00000E+00     0.00000E+00     0.00000E+00     0.76860E-04     0.52523E-05     0.00000E+00
     0.11340E+01    -0.17112E-03     0.00000E+00     0.00000E+00     0.00000E+00     0.75360E-04     0.44084E-05     0.00000E+00
     0.11497E+01    -0.17645E-03     0.00000E+00     0.00000E+00     0.00000E+00     0.73473E-04     0.41199E-05     0.00000E+00
     0.11653E+01    -0.18240E-03     0.00000E+00     0.00000E+00     0.00000E+00     0.71651E-04     0.38944E-05     0.00000E+00
     0.11809E+01    -0.18889E-03     0.00000E+00     0.00000E+00     0.00000E+00     0.70187E-04     0.35000E-05     0.00000E+00
     0.11965E+01    -0.19596E-03     0.00000E+00     0.00000E+00     0.00000E+00     0.69222E-04     0.32800E-05     0.00000E+00
     0.12120E+01    -0.20369E-03     0.00000E+00     0.00000E+00     0.00000E+00     0.69286E-04     0.33716E-05     0.00000E+00
     0.12275E+01    -0.21205E-03     0.00000E+00     0.00000E+00     0.00000E+00     0.69617E-04     0.35989E-05     0.00000E+00
     0.12430E+01    -0.22118E-03     0.00000E+00     0.00000E+00     0.00000E+00     0.68623E-04     0.41655E-05     0.00000E+00
     0.12584E+01    -0.23096E-03     0.00000E+00     0.00000E+00     0.00000E+00     0.66311E-04     0.45837E-05     0.00000E+00
     0.12737E+01    -0.24122E-03     0.00000E+00     0.00000E+00     0.00000E+00     0.63139E-04     0.46649E-05     0.00000E+00
     0.12890E+01    -0.25185E-03     0.00000E+00     0.00000E+00     0.00000E+00     0.59278E-04     0.44501E-05     0.00000E+00
     0.13042E+01    -0.26287E-03     0.00000E+00     0.00000E+00     0.00000E+00     0.54879E-04     0.40493E-05     0.00000E+00
     0.13194E+01    -0.27458E-03     0.00000E+00     0.00000E+00     0.00000E+00     0.50200E-04     0.39301E-05     0.00000E+00
     0.13345E+01    -0.28714E-03     0.00000E+00     0.00000E+00     0.00000E+00     0.46910E-04     0.41578E-05     0.00000E+00
     0.13495E+01    -0.30021E-03     0.00000E+00     0.00000E+00     0.00000E+00     0.46463E-04     0.37964E-05     0.00000E+00
     0.13645E+01    -0.31369E-03     0.00000E+00     0.00000E+00     0.00000E+00     0.46928E-04     0.28125E-05     0.00000E+00
     0.13794E+01    -0.32795E-03     0.00000E+00     0.00000E+00     0.00000E+00     0.45429E-04     0.25497E-05     0.00000E+00
     0.13942E+01    -0.34327E-03     0.00000E+00     0.00000E+00     0.00000E+00     0.42595E-04     0.34440E-05     0.00000E+00
     0.14089E+01    -0.35925E-03     0.00000E+00     0.00000E+00     0.00000E+00     0.39723E-04     0.38815E-05     0.00000E+00
     0.14235E+01    -0.37589E-03     0.00000E+00     0.00000E+00     0.00000E+00     0.35826E-04     0.38326E-05     0.00000E+00
     0.14380E+01    -0.39305E-03     0.00000E+00     0.00000E+00     0.00000E+00     0.30880E-04     0.36670E-05     0.00000E+00
     0.14525E+01    -0.41067E-03     0.00000E+00     0.00000E+00     0.00000E+00     0.26101E-04     0.34952E-05     0.00000E+00
     0.14668E+01    -0.42890E-03     0.00000E+00     0.00000E+00     0.00000E+00     0.22262E-04     0.29380E-05     0.00000E+00
     0.14811E+01    -0.44789E-03     0.00000E+00     0.00000E+00     0.00000E+00     0.17541E-04     0.15558E-05     0.00000E+00
     0.14952E+01    -0.46826E-03     0.00000E+00     0.00000E+00     0.00000E+00     0.10550E-04     0.12731E-05     0.00000E+00
     0.15093E+01    -0.49003E-03     0.00000E+00     0.00000E+00     0.00000E+00     0.41392E-05     0.22858E-05     0.00000E+00
     0.15232E+01    -0.51274E-03     0.00000E+00     0.00000E+00     0.00000E+00     0.31575E-06     0.31712E-05     0.00000E+00
     0.15370E+01    -0.53609E-03     0.00000E+00     0.00000E+00     0.00000E+00    -0.18946E-05     0.29614E-05     0.00000E+00
     0.15507E+01    -0.56011E-03     0.00000E+00     0.00000E+00     0.00000E+00    -0.46868E-05     0.13075E-05     0.00000E+00
     0.15643E+01    -0.58482E-03     0.00000E+00     0.00000E+00     0.00000E+00    -0.98828E-05    -0.11213E-05     0.00000E+00
     0.15778E+01    -0.61023E-03     0.00000E+00     0.00000E+00     0.00000E+00    -0.18045E-04    -0.32037E-05     0.00000E+00
     0.15911E+01    -0.63695E-03     0.00000E+00     0.00000E+00     0.00000E+00    -0.28019E-04    -0.36721E-05     0.00000E+00
     0.16043E+01    -0.66504E-03     0.00000E+00     0.00000E+00     0.00000E+00    -0.37983E-04    -0.24379E-05     0.00000E+00
     0.16174E+01    -0.69414E-03     0.00000E+00     0.00000E+00     0.00000E+00    -0.46972E-04    -0.52463E-06     0.00000E+00
     0.16303E+01    -0.72359E-03     0.00000E+00     0.00000E+00     0.00000E+00    -0.53619E-04    -0.54603E-06     0.00000E+00
     0.16431E+01    -0.75321E-03     0.00000E+00     0.00000E+00     0.00000E+00    -0.57812E-04    -0.27370E-05     0.00000E+00
     0.16558E+01    -0.78351E-03     0.00000E+00     0.00000E+00     0.00000E+00    -0.60481E-04    -0.49495E-05     0.00000E+00
     0.16683E+01    -0.81430E-03     0.00000E+00     0.00000E+00     0.00000E+00    -0.61285E-04    -0.74981E-05     0.00000E+00
     0.16806E+01    -0.84576E-03     0.00000E+00     0.00000E+00     0.00000E+00    -0.61742E-04    -0.10026E-04     0.00000E+00
     0.16928E+01    -0.87808E-03     0.00000E+00     0.00000E+00     0.00000E+00    -0.62097E-04    -0.12534E-04     0.00000E+00
     0.17049E+01    -0.91106E-03     0.00000E+00     0.00000E+00     0.00000E+00    -0.62395E-04    -0.15524E-04     0.00000E+00
     0.17167E+01    -0.94516E-03     0.00000E+00     0.00000E+00     0.00000E+00    -0.63843E-04    -0.16674E-04     0.00000E+00
     0.17285E+01    -0.98047E-03     0.00000E+00     0.00000E+00     0.00000E+00    -0.64771E-04    -0.15930E-04     0.00000E+00
     0.17400E+01    -0.10168E-02     0.00000E+00     0.00000E+00     0.00000E+00    -0.65463E-04    -0.14456E-04     0.00000E+00
     0.17514E+01    -0.10538E-02     0.00000E+00     0.00000E+00     0.00000E+00    -0.67740E-04    -0.13128E-04     0.00000E+00
     0.17626E+01    -0.10914E-02     0.00000E+00     0.00000E+00     0.00000E+00    -0.71046E-04    -0.12367E-04     0.00000E+00
     0.17737E+01    -0.11292E-02     0.00000E+00     0.00000E+00     0.00000E+00    -0.73174E-04    -0.14006E-04     0.00000E+00
     0.17845E+01    -0.11668E-02     0.00000E+00     0.00000E+00     0.00000E+00    -0.73056E-04    -0.19508E-04     0.00000E+00
     0.17952E+01    -0.12048E-02     0.00000E+00     0.00000E+00     0.00000E+00    -0.71817E-04    -0.26583E-04     0.00000E+00
     0.18057E+01    -0.12444E-02     0.00000E+00     0.00000E+00     0.00000E+00    -0.69126E-04    -0.31489E-04     0.00000E+00
     0.18160E+01    -0.12853E-02     0.00000E+00     0.00000E+00     0.00000E+00    -0.62428E-04    -0.34646E-04     0.00000E+00
     0.18261E+01    -0.13271E-02     0.00000E+00     0.00000E+00     0.00000E+00    -0.50578E-04    -0.37652E-04     0.00000E+00
     0.18360E+01    -0.13693E-02     0.00000E+00     0.00000E+00     0.00000E+00    -0.34543E-04    -0.42175E-04     0.00000E+00
     0.18457E+01    -0.14115E-02     0.00000E+00     0.00000E+00     0.00000E+00    -0.16417E-04    -0.48511E-04     0.00000E+00
     0.18552E+01    -0.14532E-02     0.00000E+00     0.00000E+00     0.00000E+00     0.16337E-07    -0.55718E-04     0.00000E+00
     0.18645E+01    -0.14939E-02     0.00000E+00     0.00000E+00     0.00000E+00     0.11083E-04    -0.64154E-04     0.00000E+00
     0.18736E+01    -0.15330E-02     0.00000E+00     0.00000E+00     0.00000E+00     0.16361E-04    -0.75680E-04     0.00000E+00
     0.18825E+01    -0.15695E-02     0.00000E+00     0.00000E+00     0.00000E+00     0.15888E-04    -0.91013E-04     0.00000E+00
     0.18912E+01    -0.16020E-02     0.00000E+00     0.00000E+00     0.00000E+00     0.91034E-05    -0.11060E-03     0.00000E+00
     0.18996E+01    -0.16283E-02     0.00000E+00     0.00000E+00     0.00000E+00    -0.32878E-05    -0.13452E-03     0.00000E+00
     0.19078E+01    -0.16472E-02     0.00000E+00     0.00000E+00     0.00000E+00    -0.21780E-04    -0.15997E-03     0.00000E+00
     0.19158E+01    -0.16571E-02     0.00000E+00     0.00000E+00     0.00000E+00    -0.48639E-04    -0.18161E-03     0.00000E+00
     0.19236E+01    -0.16551E-02     0.00000E+00     0.00000E+00     0.00000E+00    -0.84890E-04    -0.19584E-03     0.00000E+00
     0.19311E+01    -0.16367E-02     0.00000E+00     0.00000E+00     0.00000E+00    -0.12904E-03    -0.20297E-03     0.00000E+00
     0.19384E+01    -0.15968E-02     0.00000E+00     0.00000E+00     0.00000E+00    -0.17697E-03    -0.20595E-03     0.00000E+00
     0.19455E+01    -0.15307E-02     0.00000E+00     0.00000E+00     0.00000E+00    -0.22289E-03    -0.20964E-03     0.00000E+00
     0.19523E+01    -0.14366E-02     0.00000E+00     0.00000E+00     0.00000E+00    -0.25948E-03    -0.22028E-03     0.00000E+00
     0.19589E+01    -0.13193E-02     0.00000E+00     0.00000E+00     0.00000E+00    -0.27779E-03    -0.24213E-03     0.00000E+00
     0.19652E+01    -0.11955E-02     0.00000E+00     0.00000E+00     0.00000E+00    -0.27043E-03    -0.26939E-03     0.00000E+00
     0.19713E+01    -0.11001E-02     0.00000E+00     0.00000E+00     0.00000E+00    -0.23582E-03    -0.27638E-03     0.00000E+00
     0.19771E+01    -0.10849E-02     0.00000E+00     0.00000E+00     0.00000E+00    -0.17900E-03    -0.20988E-03     0.00000E+00
     0.19826E+01    -0.12174E-02     0.00000E+00     0.00000E+00     0.00000E+00    -0.11227E-03     0.13264E-04     0.00000E+00
     0.19879E+01    -0.15652E-02     0.00000E+00     0.00000E+00     0.00000E+00    -0.50331E-04     0.49642E-03     0.00000E+00
     0.19929E+01    -0.21741E-02     0.00000E+00     0.00000E+00     0.00000E+00    -0.15625E-04     0.13998E-02     0.00000E+00
     0.19977E+01    -0.31777E-02     0.00000E+00     0.00000E+00     0.00000E+00     0.89738E-05     0.25917E-02     0.00000E+00
